function rgb=lblue

rgb=[206,224,230]/255;
