function rgb=softgray
% bluish gray: rgb=[0.5020    0.5804    0.6196];

rgb=[0.5020    0.5804    0.6196];
